function def_lrmate200id_params()

a1 = 0.050;
a2 = 0.330;
a3 = 0.035;
d1 = 0.330;
d4 = -0.335;
d6 = -0.080;

end